<!DOCTYPE html><html lang="en"><head><meta charset="utf-8"><meta name="viewport" content="width=device-width,initial-scale=1,viewport-fit=cover"><title>Sandhar Energy Platform</title><style>
:root{--bg:#EEF2F0;--card:#fff;--bd:#DCE3DF;--t:#10171C;--t2:#4C5A61;--nav:#0A1628;--teal:#0D8A89;--green:#2EA85A;--amber:#E8A030;--blue:#2D7DD2;--red:#D14A38;--grid:#E8F0EC;box-sizing:border-box;padding-top:env(safe-area-inset-top,0px);padding-bottom:env(safe-area-inset-bottom,0px)}
@media(prefers-color-scheme:dark){:root:not([data-theme=light]){--bg:#0E1620;--card:#162230;--bd:#26384A;--t:#E6EEF2;--t2:#93A7B3;--grid:#223445}}
:root[data-theme=dark]{--bg:#0E1620;--card:#162230;--bd:#26384A;--t:#E6EEF2;--t2:#93A7B3;--grid:#223445}
html{scroll-padding-top:env(safe-area-inset-top,0px)}
*{box-sizing:border-box;margin:0;padding:0}
body{font:14px/1.45 "Segoe UI",system-ui,sans-serif;background:var(--bg);color:var(--t)}
.shell{display:flex;min-height:100%}
.side{width:230px;flex:none;background:var(--nav);color:#B8CCD2;padding:18px 12px;position:sticky;top:0;align-self:flex-start;height:100vh;overflow:auto;display:flex;flex-direction:column;gap:2px}
.brand{display:flex;gap:10px;align-items:center;padding:4px 6px 14px;border-bottom:1px solid #1B2E44;margin-bottom:8px}
.logo{width:36px;height:36px;border-radius:10px;background:linear-gradient(135deg,var(--teal),var(--green));display:grid;place-items:center;color:#fff;font-weight:800}
.brand b{color:#fff;font-size:13px;letter-spacing:.05em;display:block}.brand small{font-size:10px;opacity:.7}
.who{background:#12233A;border-radius:9px;padding:8px 10px;font-size:11px;margin-bottom:4px}.who b{display:block;color:#fff;font-size:12px}
.sec{font-size:10px;text-transform:uppercase;letter-spacing:.1em;color:#4D6577;margin:12px 8px 3px}
.nb{all:unset;cursor:pointer;display:block;padding:8px 10px;border-radius:8px;font-size:13px;transition:.15s}
.nb:hover{background:#15283D;color:#fff}.nb.on{background:#12333A;color:#4DE0B0;box-shadow:inset 3px 0 var(--teal)}
.main{flex:1;min-width:0;padding:24px 28px 90px}
.top{display:flex;justify-content:space-between;align-items:flex-end;gap:12px;flex-wrap:wrap;margin-bottom:16px}
h1{font-size:22px;letter-spacing:-.02em}.sub{color:var(--t2);font-size:13px}.ctl{display:flex;gap:8px;align-items:center;flex-wrap:wrap;color:var(--t2)}
select,input,.btn{font:inherit;font-size:13px;padding:8px 12px;border-radius:9px;border:1.5px solid var(--bd);background:var(--card);color:var(--t)}
.btn{cursor:pointer}.btn:hover{border-color:var(--teal);color:var(--teal)}.pri{background:var(--teal);border-color:var(--teal);color:#fff}.pri:hover{color:#fff;opacity:.9}
.kr{display:grid;grid-template-columns:repeat(auto-fit,minmax(158px,1fr));gap:12px;margin-bottom:14px}
.k{background:var(--card);border:1.5px solid var(--bd);border-radius:12px;padding:14px 16px;animation:up .45s both;transition:.2s}.k:hover{transform:translateY(-2px);border-color:var(--teal)}
.k small{display:block;font-size:10.5px;text-transform:uppercase;letter-spacing:.06em;color:var(--t2);margin-bottom:6px}
.k b{font:600 19px ui-monospace,Consolas,monospace}.k i{display:block;font-style:normal;font-size:11.5px;font-weight:600;margin-top:5px}
.up{color:var(--green)}.dn{color:var(--red)}.fl{color:var(--t2)}
@keyframes up{from{opacity:0;transform:translateY(10px)}to{opacity:1;transform:none}}
.g2{display:grid;grid-template-columns:1.4fr 1fr;gap:14px;margin-bottom:14px}.g2e{display:grid;grid-template-columns:1fr 1fr;gap:14px}
@media(max-width:900px){.g2,.g2e{grid-template-columns:1fr}.shell{flex-direction:column}.side{width:auto;height:auto;position:static;flex-direction:row;overflow-x:auto;align-items:center}.sec,.brand small,.who{display:none}.brand{border:0;margin:0;padding:0 8px}.main{padding:18px 14px 90px}}
.c{background:var(--card);border:1.5px solid var(--bd);border-radius:13px;padding:18px 20px;margin-bottom:14px;animation:up .5s both}
.c h2{font-size:15px}.c>p{color:var(--t2);font-size:12px;margin:2px 0 12px}.cv{min-height:260px}
.tw{overflow:auto;max-height:420px}table{width:100%;border-collapse:collapse;font-size:12.5px}
th{text-align:left;font-size:10.5px;text-transform:uppercase;letter-spacing:.05em;color:var(--t2);padding:8px 10px;border-bottom:2px solid var(--bd);white-space:nowrap;position:sticky;top:0;background:var(--card)}
td{padding:8px 10px;border-bottom:1px solid var(--bd);font-family:ui-monospace,Consolas,monospace;white-space:nowrap}tr:hover td{background:var(--grid)}
.pg{display:grid;grid-template-columns:repeat(auto-fill,minmax(160px,1fr));gap:10px}
.pn{border:1.5px solid var(--bd);border-radius:10px;padding:10px 12px 10px 15px;position:relative;overflow:hidden;font-size:12px;color:var(--t2);transition:.2s}.pn:hover{transform:translateY(-2px);border-color:var(--teal)}
.pn:before{content:"";position:absolute;inset:0 auto 0 0;width:4px;background:var(--red)}.pn.w:before{background:var(--amber)}.pn.g:before{background:var(--green)}.pn.n:before{background:var(--t2)}
.pn b{display:block;color:var(--t);font-size:13px;margin-bottom:4px}.pn span{display:flex;justify-content:space-between;margin-top:3px}.pn em{font:600 12px ui-monospace,Consolas,monospace;color:var(--t)}
.note{font-size:11.5px;color:var(--t2);margin:0 0 14px}
.warn{background:#E8A03020;border:1.5px solid var(--amber);border-radius:10px;padding:10px 14px;font-size:12.5px;margin-bottom:14px}.warn label{display:block;margin-top:4px;cursor:pointer;font-weight:600}
.wind{border-style:dashed;text-align:center;color:var(--t2)}
.lg{display:flex;gap:14px;justify-content:center;font-size:12px;color:var(--t2);margin-top:4px;flex-wrap:wrap}.lg i{display:inline-block;width:9px;height:9px;border-radius:50%;margin-right:5px}
svg rect{transform-box:fill-box;transform-origin:50% 100%;animation:gr .6s both}@keyframes gr{from{transform:scaleY(0)}}
polyline{stroke-dasharray:1;stroke-dashoffset:1;animation:dr 1.1s .1s forwards}@keyframes dr{to{stroke-dashoffset:0}}
.bdg{padding:2px 9px;border-radius:20px;font-size:11px;font-weight:700;background:#2D7DD222;color:var(--blue)}.bdg.o{background:#2EA85A22;color:var(--green)}
#lg{position:fixed;inset:0;z-index:50;display:grid;place-items:center;background:linear-gradient(135deg,#0A1628,#12304A)}
.lc{background:var(--card);border-radius:18px;padding:32px 36px;width:min(410px,92vw);animation:up .5s both}.lc h2{font-size:21px;margin:16px 0 4px}.lc p{color:var(--t2);font-size:13px;margin-bottom:16px}
.lc label{display:block;font-size:11px;font-weight:700;text-transform:uppercase;letter-spacing:.06em;color:var(--t2);margin:10px 0 5px}.lc input{width:100%}.lc .btn{width:100%;margin-top:16px;padding:12px;font-weight:700}
.lc small{display:block;margin-top:14px;font-size:11.5px;color:var(--t2);line-height:1.7}
.fab{position:fixed;right:22px;bottom:calc(22px + env(safe-area-inset-bottom,0px));width:54px;height:54px;border-radius:50%;border:0;background:linear-gradient(135deg,var(--teal),var(--green));color:#fff;font-size:22px;cursor:pointer;box-shadow:0 6px 18px #0D8A8955;z-index:30;transition:.2s}.fab:hover{transform:scale(1.1)}
.cb{position:fixed;right:22px;bottom:90px;width:360px;max-width:calc(100vw - 30px);height:460px;max-height:calc(100vh - 120px);background:var(--card);border:1.5px solid var(--bd);border-radius:16px;box-shadow:0 14px 44px #0003;z-index:30;display:flex;flex-direction:column;overflow:hidden;transform:scale(0);transform-origin:bottom right;transition:.25s cubic-bezier(.34,1.56,.64,1)}.cb.o{transform:scale(1)}
.ch{background:var(--nav);color:#fff;padding:13px 16px;font-weight:700;display:flex;justify-content:space-between}.ch button{all:unset;cursor:pointer}
.ms{flex:1;overflow:auto;padding:14px;display:flex;flex-direction:column;gap:9px}.m{max-width:90%;padding:9px 12px;border-radius:13px;font-size:13px;animation:up .3s both;white-space:pre-line}
.m.b{background:var(--grid);align-self:flex-start;border-bottom-left-radius:4px}.m.u{background:var(--teal);color:#fff;align-self:flex-end;border-bottom-right-radius:4px}
.sg{display:flex;flex-wrap:wrap;gap:6px;padding:0 14px 10px}.sg span{font-size:11.5px;padding:4px 10px;border-radius:20px;border:1px solid var(--bd);cursor:pointer;color:var(--t2)}.sg span:hover{background:var(--teal);color:#fff}
.ci{display:flex;gap:8px;padding:10px 12px;border-top:1.5px solid var(--bd)}.ci input{flex:1}
#csvb{position:fixed;inset:0;display:none;place-items:center;background:#0008;z-index:60}#csvb div{background:var(--card);padding:18px;border-radius:14px;width:min(560px,92vw)}#csvb textarea{width:100%;height:240px;margin:10px 0;font:12px ui-monospace,monospace;background:var(--card);color:var(--t);border:1.5px solid var(--bd);border-radius:8px;padding:8px}
</style></head><body>
<div id="lg"><div class="lc"><div class="brand"><div class="logo">⚡</div><div><b style="color:var(--t)">SANDHAR ENERGY</b><small style="color:var(--t2)">Energy Intelligence Platform</small></div></div><h2>Welcome back</h2><p>Sign in to open the energy &amp; ESG dashboard</p>
<label>Username</label><input id="u" value="admin" onkeydown="if(event.key==='Enter')login()"><label>Password</label><input id="p" type="password" value="admin123" onkeydown="if(event.key==='Enter')login()">
<button class="btn pri" onclick="login()">Sign in →</button><div id="le" style="display:none;color:var(--red);font-size:12.5px;margin-top:8px">Invalid username or password.</div>
<small><b>Demo logins</b> · admin / admin123 · plant / plant123 · viewer / view123</small></div></div>
<div class="shell" id="app" style="display:none"><aside class="side"><div class="brand"><div class="logo">⚡</div><div><b>SANDHAR ENERGY</b><small>Intelligence Platform</small></div></div><div class="who" id="who"></div>
<div class="sec">Monitor</div><button class="nb" data-p="dash">Executive Dashboard</button><button class="nb" data-p="cmp">Compare Plants</button>
<div class="sec">Energy</div><button class="nb" data-p="met:grid">Energy Management</button><button class="nb" data-p="solar">Solar &amp; Wind</button><button class="nb" data-p="met:dg">DG Management</button><button class="nb" data-p="met:lpg">LPG / PNG</button>
<div class="sec">Resources</div><button class="nb" data-p="met:water">Water</button><button class="nb" data-p="met:waste">Waste</button>
<div class="sec">Sustainability</div><button class="nb" data-p="met:carbon">Carbon &amp; ESG</button><button class="nb" data-p="met:cost">Energy Cost</button>
<div class="sec">System</div><button class="nb" data-p="data">Data &amp; Downloads</button><button class="nb" onclick="th()">◐ Light / dark</button><button class="nb" onclick="location.reload()">Sign out</button></aside><main class="main" id="view"></main></div>
<button class="fab" onclick="tc()" title="Ask the energy assistant">💬</button>
<div class="cb" id="cb"><div class="ch">⚡ Sandhar Energy Assistant<button onclick="tc()">✕</button></div><div class="ms" id="ms"><div class="m b">Hi! Ask me about grid, solar, carbon, water, waste, fuel or any plant — e.g. “solar share in Oct”, “top plant for diesel”, “SAB carbon”.</div></div>
<div class="sg"><span onclick="ask(this.textContent)">Solar share this month?</span><span onclick="ask(this.textContent)">Top plant for grid?</span><span onclick="ask(this.textContent)">Solar CAPEX vs OPEX?</span><span onclick="ask(this.textContent)">Total carbon?</span></div>
<div class="ci"><input id="qi" placeholder="Ask about your data…" onkeydown="if(event.key==='Enter')ask()"><button class="btn pri" onclick="ask()">➤</button></div></div>
<div id="csvb"><div><b>Copy your CSV</b><textarea id="csvt" readonly></textarea><button class="btn" onclick="this.closest('#csvb').style.display='none'">Close</button></div></div>
<script>
const D={"months":["2025-04","2025-05","2025-06","2025-07","2025-08","2025-09","2025-10","2025-11","2025-12","2026-01","2026-02"],"plants":[{"c":"ACA","cx":115,"ox":0,"cap":115},{"c":"ACM","cx":127,"ox":0,"cap":127},{"c":"ACR","cx":50,"ox":0,"cap":50},{"c":"CORP","cx":25,"ox":0,"cap":25},{"c":"JSW","cx":0,"ox":0,"cap":0},{"c":"JWS","cx":0,"ox":0,"cap":0},{"c":"SAB","cx":0,"ox":340,"cap":340},{"c":"SAD","cx":138,"ox":218,"cap":356},{"c":"SAG","cx":33,"ox":0,"cap":33},{"c":"SAH","cx":251,"ox":129,"cap":380},{"c":"SAM","cx":0,"ox":0,"cap":0},{"c":"SAP","cx":0,"ox":0,"cap":0},{"c":"SASPL","cx":150,"ox":0,"cap":150},{"c":"SAT","cx":0,"ox":0,"cap":0},{"c":"SCA","cx":0,"ox":0,"cap":0},{"c":"SCB","cx":0,"ox":0,"cap":0},{"c":"SCD","cx":110,"ox":132,"cap":242},{"c":"SCG","cx":0,"ox":0,"cap":0},{"c":"SCH","cx":0,"ox":336,"cap":336},{"c":"SCK","cx":0,"ox":0,"cap":0},{"c":"SCM","cx":0,"ox":0,"cap":0},{"c":"SCO","cx":0,"ox":0,"cap":0},{"c":"SCR","cx":0,"ox":0,"cap":0},{"c":"SCY","cx":0,"ox":634,"cap":634},{"c":"SEB","cx":50,"ox":300,"cap":350},{"c":"SEK(SMA)","cx":0,"ox":0,"cap":0},{"c":"SHA","cx":0,"ox":0,"cap":0},{"c":"SHC","cx":0,"ox":0,"cap":0},{"c":"SHN","cx":0,"ox":624,"cap":624},{"c":"SHP","cx":400,"ox":262,"cap":662},{"c":"SHT","cx":0,"ox":0,"cap":0},{"c":"SIA","cx":115,"ox":0,"cap":115},{"c":"SID","cx":0,"ox":0,"cap":0},{"c":"SIJ","cx":0,"ox":0,"cap":0},{"c":"SIO","cx":0,"ox":125,"cap":125},{"c":"SIP","cx":0,"ox":717,"cap":717},{"c":"SKC","cx":0,"ox":604,"cap":604},{"c":"SMD","cx":0,"ox":0,"cap":0},{"c":"SMK","cx":0,"ox":0,"cap":0},{"c":"SMN","cx":0,"ox":0,"cap":0},{"c":"SMO","cx":0,"ox":0,"cap":0},{"c":"SMT","cx":0,"ox":0,"cap":0},{"c":"STM","cx":0,"ox":0,"cap":0},{"c":"STPL","cx":36,"ox":0,"cap":36}],"rows":[[3,0,22640.0,3706.0,313.0,0.0,128.0,0.0,17.05,192440],[3,1,29285.0,3638.0,312.0,0.0,167.0,0.0,21.8,248922],[3,2,29765.0,2992.0,75.0,0.0,119.0,0.0,21.51,253002],[3,3,27510.0,2909.0,230.0,0.0,74.0,0.0,20.31,233835],[3,4,23935.0,2635.0,235.0,0.0,45.0,0.0,17.77,203448],[3,5,24540.0,3149.0,575.0,0.0,32.0,0.0,19.11,208590],[3,6,16500.0,2723.0,150.0,0.0,151.0,0.0,12.22,140250],[3,7,10450.0,2048.0,110.0,0.0,150.0,0.0,7.78,88825],[3,8,10560.0,1998.0,110.0,0.0,53.0,0.0,7.86,89760],[3,9,14585.0,1998.0,70.0,0.0,115.0,0.0,10.63,123972],[3,10,9060.0,2577.0,42.0,0.0,150.0,0.0,6.6,77010],[4,0,7378.0,0.0,0.0,0.0,0.0,0.0,5.28,62713],[4,1,8674.0,0.0,0.0,0.0,0.0,0.0,6.21,73729],[4,2,11320.9,0.0,0.0,0.0,0.0,0.0,8.11,96228],[4,3,10050.0,0.0,0.0,0.0,0.0,0.0,7.2,85425],[4,4,8074.0,0.0,0.0,0.0,0.0,0.0,5.78,68629],[4,5,10163.3,0.0,0.0,0.0,0.0,0.0,7.28,86388],[4,6,6672.0,0.0,0.0,0.0,0.0,0.0,4.78,56712],[4,7,5721.0,0.0,0.0,0.0,0.0,0.0,4.1,48628],[4,8,3937.0,0.0,0.0,0.0,0.0,0.0,2.82,33464],[4,9,4757.0,0.0,0.0,0.0,0.0,0.0,3.41,40434],[4,10,5111.0,0.0,0.0,0.0,0.0,0.0,3.66,43444],[5,0,10671.0,0.0,0.0,0.0,0.0,0.0,7.64,90704],[5,1,9610.0,0.0,0.0,0.0,0.0,0.0,6.88,81685],[5,2,8260.0,0.0,0.0,0.0,0.0,0.0,5.91,70210],[5,3,8130.0,0.0,0.0,0.0,0.0,0.0,5.82,69105],[5,4,7800.0,0.0,0.0,0.0,0.0,0.0,5.58,66300],[5,5,8072.0,0.0,212.7,0.0,0.0,0.0,6.35,68612],[5,6,7675.0,0.0,0.0,0.0,0.0,0.0,5.5,65238],[5,7,7453.0,0.0,287.9,0.0,0.0,0.0,6.11,63350],[5,8,5969.0,0.0,334.3,0.0,0.0,0.0,5.17,50736],[5,9,4436.0,0.0,0.0,0.0,0.0,0.0,3.18,37706],[5,10,4166.0,0.0,0.0,0.0,0.0,0.0,2.98,35411],[6,0,149698.0,43247.0,305.0,0.0,903.7,0.0,108.0,1272433],[6,1,160505.0,40231.0,745.0,0.0,924.2,0.0,116.92,1364292],[6,2,152140.0,37119.0,610.0,0.0,770.2,0.0,110.57,1293190],[6,3,156230.0,31061.0,2575.0,0.0,949.1,0.0,118.76,1327955],[6,4,170900.0,31939.0,525.0,0.0,816.1,0.0,123.77,1452650],[6,5,168010.0,33558.0,1255.0,0.0,968.4,0.0,123.66,1428085],[6,6,156782.0,35251.0,570.0,0.0,758.0,0.0,113.78,1332647],[6,7,158628.0,30703.0,1015.0,0.0,814.0,0.0,116.3,1348338],[6,8,157880.0,35318.8,380.0,0.0,864.0,0.0,114.06,1341980],[6,9,147645.0,36902.0,150.0,0.0,748.3,300.0,106.12,1254982],[6,10,140952.5,40763.6,1205.0,0.0,672.2,300.0,104.15,1198096],[7,0,334000.0,15257.0,3483.0,1950.0,1220.0,0.0,248.48,2839000],[7,1,398440.0,14781.0,7644.0,1523.0,1225.0,0.0,305.77,3386740],[7,2,411700.0,13223.0,8215.0,1427.0,1065.0,0.0,316.79,3499450],[7,3,411900.0,12845.0,4669.0,1142.0,1034.0,0.0,307.43,3501150],[7,4,356540.0,11196.0,1622.0,1474.0,828.0,0.0,259.63,3030590],[7,5,392420.0,14327.0,2508.0,1331.0,827.0,0.0,287.69,3335570],[7,6,381160.0,11282.0,4276.0,2330.0,825.0,0.0,284.37,3239860],[7,7,406954.0,8443.0,2821.0,6698.0,844.0,0.0,298.94,3459109],[7,8,405786.0,7946.0,3336.0,12446.0,851.0,0.0,299.48,3449181],[7,9,397910.0,8569.0,357.0,12350.0,754.0,240.0,285.86,3382235],[7,10,338284.0,11378.0,361.0,7886.0,706.0,240.0,243.18,2875414],[8,0,14113.0,3485.0,1550.0,0.0,1428.0,0.0,14.26,119960],[8,1,161560.0,3687.0,650.0,0.0,1523.0,0.0,117.42,1373260],[8,2,230870.0,3391.0,3350.0,0.0,1321.0,0.0,174.28,1962395],[8,3,173304.0,2869.0,2386.0,0.0,1561.0,0.0,130.48,1473084],[8,4,219380.0,2752.0,1350.0,0.0,1462.0,0.0,160.69,1864730],[8,5,241290.0,2891.0,2598.0,0.0,1886.0,0.0,179.73,2050965],[8,6,186590.0,2250.0,1702.0,0.0,1502.0,0.0,138.16,1586015],[8,7,168280.0,2340.0,450.0,0.0,1378.0,0.0,121.69,1430380],[8,8,167970.0,2280.0,2750.0,0.0,1218.0,0.0,127.64,1427745],[8,9,160040.0,2412.0,200.0,0.0,1214.0,150.0,115.12,1360340],[8,10,162770.0,2541.0,86.0,0.0,1380.0,150.0,116.77,1383545],[9,0,393600.0,20850.0,1685.0,0.0,1349.0,0.0,286.33,3345600],[9,1,482660.0,19683.4,10925.0,0.0,1576.0,0.0,374.86,4102610],[9,2,524120.0,16839.0,7900.0,0.0,1553.1,0.0,396.44,4455020],[9,3,488780.0,14725.0,4975.0,0.0,1505.0,0.0,363.3,4154630],[9,4,475506.0,15949.0,7275.0,0.0,1498.0,0.0,359.96,4041801],[9,5,530200.0,24714.0,10475.0,0.0,1470.0,0.0,407.7,4506700],[9,6,450254.0,29842.0,4960.0,0.0,1170.0,0.0,335.67,3827159],[9,7,467034.0,28687.0,3000.0,0.0,1222.0,0.0,342.44,3969789],[9,8,445630.0,20253.0,4030.0,0.0,1251.8,0.0,329.87,3787855],[9,9,466036.0,21261.0,4105.0,0.0,1341.1,0.0,344.68,3961306],[9,10,439980.0,26236.0,2520.0,0.0,1248.1,0.0,321.78,3739830],[10,0,51205.0,0.0,450.0,1485.0,337.5,0.0,37.87,435242],[10,1,53900.0,0.0,1050.0,1980.0,432.5,0.0,41.41,458150],[10,2,60620.0,0.0,1000.0,1980.0,529.8,0.0,46.08,515270],[10,3,60110.0,0.0,400.0,1485.0,474.0,0.0,44.11,510935],[10,4,60110.0,0.0,400.0,1485.0,474.0,0.0,44.11,510935],[10,5,53195.0,0.0,420.0,1210.0,385.0,0.0,39.21,452158],[10,6,33720.0,0.0,150.0,1320.0,365.0,0.0,24.55,286620],[10,7,23640.0,0.0,32.0,1300.0,353.0,0.0,17.01,200940],[10,8,21955.0,0.0,60.0,1155.0,361.2,0.0,15.88,186618],[10,9,27945.0,0.0,70.0,2013.0,311.8,0.0,20.2,237532],[10,10,26525.0,0.0,30.0,2000.0,299.0,0.0,19.07,225462],[11,0,7436.0,0.0,224.0,0.0,217.0,0.0,5.92,63206],[11,1,6930.0,0.0,336.0,0.0,143.0,0.0,5.86,58905],[11,2,7572.0,0.0,129.0,0.0,90.0,0.0,5.77,64362],[11,3,7494.0,0.0,218.0,0.0,104.0,0.0,5.95,63699],[11,4,6888.0,0.0,224.0,0.0,86.0,0.0,5.53,58548],[11,5,7388.0,0.0,261.0,0.0,133.0,0.0,5.99,62798],[11,6,7466.0,0.0,79.0,0.0,87.0,0.0,5.56,63461],[11,7,7526.0,0.0,75.0,0.0,97.0,0.0,5.59,63971],[11,8,7766.0,0.0,126.0,0.0,165.0,0.0,5.9,66011],[11,9,7620.0,0.0,118.0,0.0,141.0,0.0,5.77,64770],[11,10,7348.0,0.0,203.0,0.0,167.0,0.0,5.81,62458],[12,0,11496.0,9800.0,70.0,0.0,326.0,0.0,8.42,97716],[12,1,12315.0,8940.0,230.0,0.0,272.0,0.0,9.43,104678],[12,2,13509.0,8220.0,140.0,0.0,300.0,0.0,10.05,114826],[12,3,18678.0,4560.0,135.0,0.0,250.0,0.0,13.74,158763],[12,4,15999.0,4440.0,215.0,0.0,171.0,0.0,12.03,135992],[12,5,12711.0,7860.0,140.0,0.0,286.0,0.0,9.48,108044],[12,6,11178.0,7950.0,70.0,0.0,245.0,0.0,8.19,95013],[12,7,10371.0,5220.0,71.0,0.0,251.0,0.0,7.62,88154],[12,8,13158.0,5220.0,100.0,0.0,242.0,0.0,9.69,111843],[12,9,15666.0,4036.0,420.0,0.0,245.0,0.0,12.34,133161],[12,10,14478.0,0.0,80.0,0.0,195.0,0.0,10.58,123063],[13,0,44190.0,0.0,605.0,0.0,213.0,0.0,33.26,375615],[13,1,43871.0,0.0,660.0,0.0,229.0,0.0,33.18,372904],[13,2,52326.0,0.0,620.0,0.0,208.0,0.0,39.13,444771],[13,3,43298.0,0.0,660.0,0.0,195.0,0.0,32.77,368033],[13,4,44381.0,0.0,635.0,0.0,188.0,0.0,33.48,377238],[13,5,44157.0,0.0,520.0,0.0,198.0,0.0,33.01,375334],[13,6,41092.0,0.0,233.0,0.0,195.0,0.0,30.05,349282],[13,7,43092.0,0.0,460.0,0.0,186.0,0.0,32.09,366282],[13,8,37605.0,0.0,627.0,0.0,198.0,0.0,28.61,319642],[13,9,37524.0,0.0,350.0,0.0,222.0,30.0,27.81,318954],[13,10,37524.0,0.0,200.0,0.0,212.0,30.0,27.4,318954],[14,0,327060.0,12227.0,2500.0,0.0,369.0,0.0,240.87,2780010],[14,1,338160.0,11436.0,3000.0,0.0,409.5,0.0,250.16,2874360],[14,2,329160.0,10015.0,3000.0,0.0,432.0,0.0,243.72,2797860],[14,3,367200.0,8971.0,3000.0,0.0,454.0,0.0,270.96,3121200],[14,4,344820.0,7923.0,4500.0,0.0,508.5,0.0,258.95,2930970],[14,5,346380.0,8969.0,4500.0,0.0,432.0,0.0,260.07,2944230],[14,6,322120.0,7854.0,4000.0,0.0,410.0,0.0,241.36,2738020],[14,7,353370.0,5768.0,3000.0,0.0,441.0,0.0,261.05,3003645],[14,8,365350.0,5155.0,2500.0,0.0,450.0,0.0,268.29,3105475],[14,9,387150.0,3233.0,3750.0,0.0,459.0,30.0,287.25,3290775],[14,10,374830.0,3274.0,3750.0,0.0,0.0,20.0,278.43,3186055],[15,0,170250.0,40557.0,368.0,13091.2,1033.0,0.0,122.89,1447125],[15,1,248970.0,36932.0,2382.0,0.0,1419.0,0.0,184.65,2116245],[15,2,273710.0,31688.0,900.0,0.0,1444.0,0.0,198.39,2326535],[15,3,271990.0,30147.0,841.0,0.0,1907.0,0.0,197.0,2311915],[15,4,273160.0,26324.0,1247.0,0.0,1513.0,0.0,198.92,2321860],[15,5,301510.0,36867.0,2055.0,23655.0,1527.0,0.0,221.39,2562835],[15,6,246580.0,26940.0,643.0,0.0,1440.0,0.0,178.27,2095930],[15,7,261420.0,19260.0,1294.0,0.0,1352.0,0.0,190.64,2222070],[15,8,225330.0,23075.0,1173.0,13484.0,1700.0,0.0,164.48,1915305],[15,9,226500.0,26570.0,947.0,14583.0,1.4,125.0,164.71,1925250],[15,10,217720.0,28750.0,622.0,15723.0,1529.0,194.0,157.55,1850620],[16,0,228410.0,27975.0,4150.0,0.0,40.0,0.0,174.66,1941485],[16,1,236980.0,26926.0,8280.0,0.0,400.0,0.0,191.87,2014330],[16,2,236980.0,26926.0,7510.0,0.0,400.0,0.0,189.8,2014330],[16,3,270800.0,19977.0,8445.0,0.0,165.0,0.0,216.53,2301800],[16,4,230420.0,19820.0,2470.0,0.0,545.0,0.0,171.6,1958570],[16,5,204590.0,19904.0,11590.0,0.0,605.0,0.0,177.55,1739015],[16,6,166190.0,16592.0,880.0,0.0,482.0,0.0,121.35,1412615],[16,7,180680.0,14182.0,3960.0,0.0,467.0,0.0,139.98,1535780],[16,8,187280.0,12033.0,450.0,0.0,373.8,0.0,135.3,1591880],[16,9,207700.0,12460.0,3420.0,0.0,354.3,0.0,157.88,1765450],[16,10,200510.0,18113.0,0.0,0.0,359.0,0.0,143.57,1704335],[17,0,57558.0,0.0,650.0,6252.4,408.6,0.0,42.95,489243],[17,1,70830.0,0.0,1210.0,10342.0,810.0,0.0,53.96,602055],[17,2,80040.0,0.0,1393.0,10846.0,520.0,0.0,61.04,680340],[17,3,76716.0,0.0,243.0,12602.0,510.0,0.0,55.58,652086],[17,4,69324.0,0.0,992.0,7585.0,0.0,0.0,52.29,589254],[17,5,82620.0,0.0,1518.0,9680.0,724.0,0.0,63.22,702270],[17,6,77346.0,0.0,1397.0,10189.0,550.0,0.0,59.12,657441],[17,7,95130.0,0.0,668.0,15538.0,413.0,0.0,69.9,808605],[17,8,76890.0,0.0,200.0,12153.0,405.8,0.0,55.59,653565],[17,9,72822.0,0.0,0.0,5161.0,557.0,0.0,52.14,618987],[17,10,71382.0,0.0,0.0,2975.0,710.0,0.0,51.11,606747],[18,0,1030741.0,46546.0,4225.0,61327.0,1860.0,0.0,749.33,8761298],[18,1,1032150.0,37526.0,4565.0,52561.0,1428.0,0.0,751.25,8773275],[18,2,1080870.0,35955.0,5470.0,75321.0,1424.0,0.0,788.56,9187395],[18,3,1158900.0,32343.0,5002.0,85302.0,1450.0,0.0,843.18,9850650],[18,4,1187010.0,31712.0,5338.0,86946.0,1618.0,0.0,864.2,10089585],[18,5,1185840.0,32537.0,3765.0,89195.0,1380.0,0.0,859.15,10079640],[18,6,1133270.0,31215.0,7681.0,69442.0,3200.0,0.0,832.01,9632795],[18,7,1176210.0,26000.0,9187.0,60861.0,3819.0,0.0,866.79,9997785],[18,8,1156590.0,27710.0,8153.0,66551.0,3514.0,0.0,849.97,9831015],[18,9,1193280.0,22536.0,5874.0,66391.0,3109.0,0.0,870.13,10142880],[18,10,1079460.0,1079460.0,7324.0,71141.0,2445.0,0.0,792.52,9175410],[19,0,240925.0,0.0,5200.0,4920.0,1630.0,0.0,186.44,2047862],[19,1,248030.0,0.0,5240.0,2670.0,1645.0,0.0,191.63,2108255],[19,2,257280.0,0.0,5350.0,5420.0,1648.0,0.0,198.55,2186880],[19,3,273595.0,0.0,6820.0,5830.0,1994.0,0.0,214.17,2325558],[19,4,263645.0,0.0,7580.0,4530.0,1780.0,0.0,209.08,2240982],[19,5,272300.0,0.0,9600.0,5010.0,2004.0,0.0,220.69,2314550],[19,6,252730.0,0.0,9500.0,5010.0,1930.0,0.0,206.41,2148205],[19,7,298880.0,0.0,3495.0,5010.0,1961.0,0.0,223.36,2540480],[19,8,300455.0,0.0,6048.0,4880.0,1856.0,0.0,231.33,2553868],[19,9,284490.0,0.0,7545.0,4520.0,2179.0,0.0,223.92,2418165],[19,10,216065.0,0.0,7700.0,4920.0,1550.0,170.0,175.34,1836552],[20,0,254424.0,15245.0,971.0,0.0,619.0,0.0,184.77,2162604],[20,1,253680.0,12851.0,5590.0,0.0,660.0,0.0,196.62,2156280],[20,2,279992.0,11281.0,1085.0,0.0,699.0,0.0,203.38,2379932],[20,3,318316.0,8561.0,3961.0,0.0,737.0,0.0,238.53,2705686],[20,4,303648.0,6889.0,1485.0,0.0,648.0,0.0,221.39,2581008],[20,5,310960.0,9763.0,1858.0,0.0,729.0,0.0,227.63,2643160],[20,6,246096.0,10306.0,515.0,0.0,725.0,0.0,177.58,2091816],[20,7,253040.0,10119.0,406.0,0.0,793.0,0.0,182.26,2150840],[20,8,251232.0,7651.0,390.0,0.0,589.0,0.0,180.93,2135472],[20,9,269640.0,6286.0,1120.0,0.0,592.0,57.0,196.06,2291940],[20,10,258280.0,10810.0,457.0,0.0,476.0,195.0,186.15,2195380],[21,0,32201.0,983.0,28.0,3953.0,171.0,0.0,23.13,273708],[21,1,31105.0,860.0,267.0,4271.0,137.0,0.0,22.99,264392],[21,2,31838.0,860.0,232.0,4221.0,135.0,0.0,23.42,270623],[21,3,33530.0,487.0,463.0,3921.0,136.0,0.0,25.25,285005],[21,4,31236.0,476.0,184.0,3864.0,176.0,0.0,22.86,265506],[21,5,39449.0,446.0,149.0,5869.0,196.0,0.0,28.64,335316],[21,6,21627.0,0.0,27.0,0.0,0.0,0.0,15.56,183830],[21,7,21426.0,0.0,511.0,0.0,0.0,0.0,16.71,182121],[21,8,21426.0,0.0,511.0,0.0,0.0,0.0,16.71,182121],[21,9,22845.0,0.0,3.0,0.0,0.0,0.0,16.37,194182],[22,0,956820.0,1264.0,6205.0,63296.0,1499.0,0.0,701.71,8132970],[22,1,1005180.0,1190.0,11805.0,54619.2,1362.0,0.0,751.35,8544030],[22,2,996670.0,1018.0,6530.0,88723.0,1400.0,0.0,731.12,8471695],[22,3,1099980.0,460.0,3695.0,54509.0,1854.0,0.0,797.49,9349830],[22,4,970200.0,393.0,3710.0,58635.0,1465.0,0.0,704.61,8246700],[22,5,979845.0,611.0,22100.0,58863.4,1318.0,0.0,760.8,8328682],[22,6,1008150.0,797.0,4190.0,55238.0,738.0,0.0,733.06,8569275],[22,7,983490.0,761.0,9480.0,58538.0,1100.0,0.0,729.59,8359665],[22,8,1008480.0,339.0,1270.0,65973.0,2241.0,0.0,725.48,8572080],[22,9,1014375.0,160.0,6825.0,69128.0,1907.0,265.0,744.58,8622188],[22,10,1052529.0,527.0,620.0,58091.0,2310.0,267.0,755.27,8946496],[23,0,184676.0,86484.0,2320.0,0.0,2180.0,0.0,138.45,1569746],[23,1,214068.0,80928.0,640.0,0.0,2143.0,0.0,154.99,1819578],[23,2,225108.0,67309.0,1152.0,0.0,2180.0,0.0,164.26,1913418],[23,3,243700.0,61746.0,520.0,0.0,2060.0,0.0,175.88,2071450],[23,4,230228.0,65333.0,600.0,0.0,0.0,0.0,166.45,1956938],[23,5,245880.0,68841.0,3600.0,0.0,1405.0,0.0,185.7,2089980],[23,6,196436.0,75847.0,1500.0,0.0,1456.0,0.0,144.67,1669706],[23,7,223156.0,67270.0,1540.0,3920.0,1950.0,0.0,163.91,1896826],[23,8,235460.0,68992.0,2400.0,3960.0,1960.0,0.0,175.02,2001410],[23,9,253384.0,74953.0,3920.0,3840.0,1900.0,100.0,191.93,2153764],[23,10,229380.0,84910.0,650.0,0.0,1853.0,100.0,165.98,1949730],[25,0,404425.0,0.0,11200.0,0.0,4046.0,0.0,319.58,3437612],[25,1,439360.0,0.0,15745.0,0.0,4546.0,0.0,356.78,3734560],[25,2,406070.0,0.0,15935.0,0.0,4209.4,0.0,333.45,3451595],[25,3,472530.0,0.0,15820.0,0.0,4863.0,0.0,380.73,4016505],[25,4,415565.0,0.0,25300.0,0.0,5027.0,0.0,365.35,3532302],[25,5,459680.0,0.0,26200.0,0.0,5153.0,0.0,399.35,3907280],[25,6,403710.0,0.0,21500.0,0.0,7918.0,0.0,346.68,3431535],[25,7,465440.0,0.0,16165.0,0.0,5311.0,0.0,376.58,3956240],[25,8,518870.0,0.0,21335.0,0.0,5825.0,0.0,428.69,4410395],[25,9,454370.0,0.0,14000.0,0.0,5825.0,11865.0,362.85,3862145],[25,10,420493.0,0.0,14500.0,0.0,5825.0,8381.0,339.93,3574190],[26,0,317.0,0.0,94.0,0.0,76.0,0.0,0.48,2694],[26,1,4077.0,0.0,120.0,0.0,39.8,0.0,3.24,34654],[26,2,3637.0,0.0,110.0,0.0,63.0,0.0,2.9,30914],[26,3,3900.0,0.0,30.0,0.0,63.0,0.0,2.87,33150],[26,4,3684.0,0.0,67.0,0.0,63.4,0.0,2.82,31314],[26,5,3826.0,0.0,80.0,0.0,15.4,0.0,2.95,32521],[26,6,3846.0,0.0,102.0,0.0,25.1,0.0,3.03,32691],[26,7,4102.5,0.0,19.0,0.0,87.3,0.0,2.99,34871],[26,8,3578.2,0.0,40.0,0.0,111.0,0.0,2.67,30415],[26,9,3426.0,0.0,40.0,0.0,99.3,0.0,2.56,29121],[26,10,3720.0,0.0,59.0,0.0,84.0,0.0,2.82,31620],[27,0,70169.0,0.0,270.0,0.0,216.0,0.0,50.96,596436],[27,1,66222.0,0.0,230.0,0.0,186.0,0.0,48.03,562887],[27,2,62160.0,0.0,710.0,0.0,180.0,0.0,46.41,528360],[27,3,66126.0,0.0,550.0,0.0,204.0,0.0,48.82,562071],[27,4,58862.0,0.0,470.0,0.0,180.0,0.0,43.4,500327],[27,5,63780.0,0.0,400.0,0.0,192.0,0.0,46.74,542130],[27,6,67437.0,0.0,160.0,0.0,150.0,0.0,48.71,573214],[27,7,63182.0,0.0,110.0,0.0,168.0,0.0,45.53,537047],[27,8,67310.0,0.0,400.0,0.0,205.0,0.0,49.27,572135],[27,10,68972.0,0.0,0.0,0.0,192.0,4.7,49.38,586262],[28,0,153690.0,0.0,3089.0,2145.0,512.0,0.0,118.32,1306365],[28,1,164124.0,0.0,2080.0,2145.0,493.0,0.0,123.09,1395054],[28,2,167213.0,0.0,2080.0,2010.0,525.0,0.0,125.3,1421310],[28,3,171213.0,0.0,1691.0,2230.0,525.0,0.0,127.12,1455310],[28,4,171326.0,0.0,6014.0,3544.0,521.0,0.0,138.79,1456271],[28,5,181803.0,78187.0,4537.0,2642.0,654.0,0.0,142.33,1545326],[28,6,171213.0,72094.0,5294.0,2288.0,525.0,0.0,136.78,1455310],[28,7,179485.0,54158.0,1912.0,2850.0,30.0,0.0,133.64,1525622],[28,8,184501.0,42734.0,924.0,0.0,521.0,0.0,134.58,1568258],[28,9,193095.0,29012.0,4620.0,3120.0,524.0,49.0,150.64,1641308],[28,10,173985.0,53819.0,1404.0,2885.0,468.0,141.0,128.34,1478872],[29,0,81250.0,31944.0,1539.0,522.0,520.6,0.0,62.3,690625],[29,1,90540.0,32448.0,1346.0,950.0,530.7,0.0,68.43,769590],[29,2,121530.0,28288.0,1266.0,902.0,498.1,0.0,90.41,1033005],[29,3,107020.0,54008.0,1223.0,522.0,495.7,0.0,79.9,909670],[29,4,84390.0,55781.0,1223.0,522.0,456.5,0.0,63.7,717315],[29,5,111650.0,61288.0,2752.0,1520.0,520.1,0.0,87.32,949025],[29,6,52130.0,49035.0,892.0,237.0,498.6,0.0,39.72,443105],[29,7,51270.0,41465.0,892.0,237.0,501.1,0.0,39.1,435795],[29,8,56270.0,33091.0,497.0,3942.0,548.3,0.0,41.62,478295],[29,9,51980.0,31905.0,468.0,4332.0,520.8,34.0,38.47,441830],[29,10,40160.0,48952.0,246.0,3563.0,483.0,37.0,29.41,341360],[30,0,47796.0,0.0,375.0,0.0,4.0,0.0,35.23,406266],[30,1,54070.0,0.0,1512.0,0.0,3.0,0.0,42.77,459595],[30,2,54070.0,0.0,1512.0,0.0,3.0,0.0,42.77,459595],[30,4,53090.0,0.0,400.0,0.0,0.0,0.0,39.08,451265],[30,5,54090.0,0.0,400.0,0.0,0.0,0.0,39.8,459765],[30,6,47512.0,0.0,175.0,0.0,0.0,0.0,34.49,403852],[30,7,45006.0,0.0,110.0,0.0,0.0,0.0,32.52,382551],[30,8,53704.0,0.0,250.0,0.0,0.0,0.0,39.12,456484],[30,9,51290.0,0.0,600.0,0.0,0.0,4.0,38.33,435965],[30,10,46713.0,0.0,400.0,0.0,0.0,3.0,34.52,397060],[31,0,128700.0,0.0,535.0,7357.0,421.0,0.0,93.58,1093950],[31,1,159841.0,0.0,480.0,9398.0,681.0,0.0,115.73,1358648],[31,2,161610.0,0.0,1040.0,1526.9,610.0,0.0,118.5,1373685],[31,3,128130.0,0.0,610.0,8853.0,713.0,0.0,93.38,1089105],[31,4,107820.0,0.0,725.0,8361.0,501.0,0.0,79.14,916470],[31,5,112980.0,0.0,590.0,9194.0,574.0,0.0,82.47,960330],[31,6,105932.0,2925.0,250.0,0.0,605.0,0.0,76.52,900422],[31,7,116010.0,3392.0,905.0,0.0,479.0,0.0,85.49,986085],[31,8,125669.0,4049.0,0.0,10432.7,575.7,0.0,89.98,1068186],[31,9,119490.0,3525.0,550.0,9759.0,482.5,3738.0,87.03,1015665],[31,10,113971.0,6109.0,740.0,9809.0,461.0,2330.0,83.59,968754],[32,0,124145.0,0.0,4685.0,1963.0,710.0,0.0,101.44,1055232],[32,1,121760.0,0.0,7400.0,2486.0,493.0,0.0,107.01,1034960],[32,2,126910.0,0.0,3405.0,2425.0,424.4,0.0,99.99,1078735],[32,3,118810.0,0.0,7880.0,3084.0,442.0,0.0,106.19,1009885],[32,4,145320.0,0.0,2550.0,2613.0,425.0,0.0,110.88,1235220],[32,5,142080.0,0.0,1270.0,2981.0,436.0,0.0,105.13,1207680],[32,6,137457.0,0.0,1860.0,2692.0,449.0,0.0,103.4,1168384],[32,7,155960.0,0.0,300.0,3417.0,504.0,0.0,112.47,1325660],[32,8,140727.0,0.0,1340.0,3101.0,530.0,0.0,104.35,1196180],[32,9,150329.0,0.0,840.0,4068.0,665.0,0.0,109.89,1277796],[32,10,138968.0,0.0,955.0,4036.0,728.0,0.0,102.06,1181228],[33,0,232701.0,0.0,1601.0,13827.0,1410.0,0.0,170.9,1977958],[33,1,222651.0,0.0,0.0,9240.0,1315.0,0.0,159.42,1892534],[33,2,179071.0,0.0,530.0,9900.0,1350.0,0.0,129.64,1522104],[33,3,255435.0,0.0,6149.0,11083.0,1320.0,0.0,199.37,2171198],[33,4,295638.0,0.0,0.0,0.0,1243.0,0.0,211.68,2512923],[33,5,356618.0,0.0,1899.0,19187.0,1310.0,0.0,260.43,3031253],[33,6,326813.0,0.0,1021.0,18960.0,1380.0,0.0,236.73,2777910],[33,7,280426.0,0.0,282.0,21580.0,1380.0,0.0,201.54,2383621],[33,8,246413.0,0.0,540.0,13860.0,1013.0,0.0,177.88,2094510],[33,9,287707.0,0.0,1182.0,17820.0,1350.0,0.0,209.17,2445510],[33,10,292292.0,0.0,1029.0,14930.0,1374.0,0.0,212.04,2484482],[34,0,94542.0,10218.0,578.0,8632.0,871.0,0.0,69.24,803607],[34,1,108702.0,9697.0,2050.0,13400.0,10.0,0.0,83.32,923967],[34,2,108061.0,9697.0,1259.0,9071.0,997.0,0.0,80.75,918518],[34,3,100982.0,9367.0,1214.0,9679.0,997.0,0.0,75.56,858347],[34,4,111349.0,10279.0,1770.0,7837.0,903.0,0.0,84.47,946466],[34,5,105610.0,9489.0,1387.0,9431.0,978.0,0.0,79.33,897685],[34,6,87886.0,7242.0,1030.0,9700.0,818.0,0.0,65.69,747031],[34,7,97675.0,8799.0,1410.0,9200.0,954.0,0.0,73.71,830238],[34,8,110496.0,8983.0,1000.0,9900.0,1083.0,0.0,81.8,939216],[34,9,106079.0,7799.0,1000.0,9650.0,874.0,125.0,78.63,901672],[34,10,117947.0,8688.0,1080.0,11700.0,653.0,125.0,87.34,1002550],[35,0,23780.0,101861.0,0.0,938.0,171.0,0.0,17.03,202130],[35,1,23390.0,82152.0,0.0,796.0,218.0,0.0,16.75,198815],[35,2,24780.0,64783.0,0.0,875.0,504.0,0.0,17.74,210630],[35,3,34250.0,63584.0,0.0,1600.0,648.0,0.0,24.52,291125],[35,4,34250.0,63584.0,0.0,2024.0,398.0,0.0,24.52,291125],[35,5,29250.0,51908.0,0.0,2551.0,334.0,0.0,20.94,248625],[35,6,27850.0,77504.0,600.0,1654.0,428.0,0.0,21.55,236725],[35,7,32240.0,89203.0,410.0,2761.0,380.0,0.0,24.18,274040],[35,8,42310.0,66456.0,1170.0,3155.0,376.9,0.0,33.43,359635],[35,9,42310.0,66456.0,580.0,4559.0,556.0,0.0,31.85,359635],[35,10,34140.0,66000.0,420.0,5914.0,290.0,0.0,25.57,290190],[36,0,162077.0,0.0,200.0,18607.0,1512.0,0.0,116.58,1377654],[36,1,109120.0,0.0,330.0,17888.0,1081.0,0.0,79.01,927520],[36,2,12677.0,0.0,1712.0,15298.0,980.0,0.0,13.66,107754],[36,3,13826.0,0.0,1850.0,15838.0,820.0,0.0,14.86,117521],[36,4,16072.0,6737.0,240.0,16355.0,798.0,0.0,12.15,136612],[36,5,139707.0,23781.0,750.0,17118.0,708.0,0.0,102.04,1187510],[36,6,134208.0,35871.0,1500.0,18271.0,1562.0,0.0,100.11,1140768],[36,7,157372.0,51248.0,1200.0,7.4,1600.0,0.0,115.89,1337662],[36,8,211398.0,62136.0,1400.0,8.7,1600.0,0.0,155.11,1796883],[36,9,242240.0,55204.0,989.0,20232.9,1550.0,0.0,176.09,2059040],[36,10,242484.0,57166.0,220.0,19869.0,1580.0,0.0,174.21,2061114],[37,0,25083.0,0.0,600.0,0.0,329.5,0.0,19.57,213206],[37,1,23529.0,0.0,600.0,0.0,326.3,0.0,18.45,199996],[37,2,24114.0,0.0,550.0,0.0,388.5,0.0,18.74,204969],[37,3,27225.0,0.0,1250.0,0.0,396.0,0.0,22.84,231412],[37,4,26082.0,0.0,850.0,0.0,398.7,0.0,20.95,221697],[37,5,29667.0,0.0,600.0,0.0,389.6,0.0,22.85,252170],[37,6,26319.0,0.0,1050.0,0.0,390.0,0.0,21.66,223712],[37,7,29175.0,0.0,800.0,0.0,376.2,0.0,23.03,247988],[37,8,29314.0,0.0,700.0,0.0,369.6,0.0,22.86,249169],[37,9,29013.0,0.0,500.0,0.0,334.1,50.0,22.11,246610],[37,10,26763.0,0.0,1000.0,0.0,321.4,50.0,21.84,227486],[38,0,293435.0,0.0,1200.0,12425.0,713.0,0.0,213.32,2494198],[38,1,292100.0,0.0,2800.0,12590.0,725.0,0.0,216.65,2482850],[38,2,292880.0,0.0,1000.0,14165.0,646.0,0.0,212.38,2489480],[38,3,362050.0,0.0,400.0,18865.0,740.0,0.0,260.3,3077425],[38,4,361650.0,0.0,600.0,15735.0,734.0,0.0,260.55,3074025],[38,5,353610.0,0.0,600.0,15735.0,734.0,0.0,254.79,3005685],[38,6,312030.0,0.0,1400.0,15100.0,775.0,0.0,227.17,2652255],[38,7,313845.0,0.0,1000.0,13575.0,750.0,0.0,227.39,2667682],[38,8,316225.0,0.0,1400.0,14745.0,855.0,0.0,230.17,2687912],[38,9,334041.0,0.0,200.0,16705.0,824.0,150.0,239.71,2839348],[38,10,323811.0,0.0,3000.0,16480.0,818.0,0.0,239.89,2752394],[39,0,9140.0,0.0,145.0,0.0,116.0,0.0,6.93,77690],[39,1,10320.0,0.0,215.0,0.0,204.0,0.0,7.97,87720],[39,2,10040.0,0.0,160.0,0.0,212.0,0.0,7.62,85340],[39,3,11140.0,0.0,260.0,0.0,140.0,0.0,8.67,94690],[39,4,11600.0,0.0,359.0,0.0,120.0,0.0,9.27,98600],[39,5,13180.0,0.0,235.0,0.0,156.0,0.0,10.07,112030],[39,6,9922.0,0.0,241.0,0.0,136.0,0.0,7.75,84337],[39,7,9625.0,0.0,50.0,0.0,112.0,0.0,7.03,81812],[39,8,10891.0,0.0,80.0,0.0,144.0,0.0,8.01,92574],[39,9,10794.0,0.0,284.0,0.0,112.0,0.0,8.49,91749],[39,10,9540.0,0.0,0.0,0.0,116.0,0.0,6.83,81090],[40,0,16402.0,1772.0,51.0,0.0,409.0,0.0,11.88,139417],[40,1,17139.0,1529.0,50.0,0.0,355.0,0.0,12.41,145682],[40,2,18751.0,1529.0,50.0,0.0,398.0,0.0,13.56,159384],[40,3,21616.0,1506.0,250.0,0.0,395.0,0.0,16.15,183736],[40,4,20359.0,1481.0,150.0,0.0,383.0,0.0,14.98,173052],[40,5,20269.0,1278.0,0.0,0.0,395.0,0.0,14.51,172286],[40,6,16192.0,1335.0,150.0,0.0,393.0,0.0,12.0,137632],[40,7,18095.0,2199.0,320.0,0.0,434.0,0.0,13.81,153808],[40,8,21776.0,2900.0,150.0,0.0,490.0,0.0,15.99,185096],[40,9,15779.0,2500.0,50.0,0.0,430.0,0.0,11.43,134122],[40,10,20097.0,2500.0,50.0,0.0,345.0,0.0,14.52,170824],[41,0,404860.0,0.0,4451.0,19643.0,1159.0,0.0,301.81,3441310],[41,1,412835.0,0.0,5156.0,23400.0,1263.0,0.0,309.41,3509098],[41,2,402835.0,0.0,4956.0,21361.0,1263.0,0.0,301.71,3424098],[41,3,477420.0,0.0,3400.0,27900.0,0.0,0.0,350.94,4058070],[41,4,444780.0,0.0,3155.0,30265.0,1335.0,0.0,326.92,3780630],[41,5,353610.0,0.0,600.0,15735.0,734.0,0.0,254.79,3005685],[41,6,415920.0,0.0,3965.0,30498.0,1399.0,0.0,308.42,3535320],[41,7,421200.0,0.0,3740.0,21673.0,931.0,0.0,311.6,3580200],[41,8,429882.0,0.0,7355.0,23125.0,1451.0,0.0,327.51,3653997],[41,9,415880.0,0.0,2195.0,20054.0,1124.0,320.0,303.65,3534980],[41,10,401900.0,0.0,2154.0,19936.0,1119.0,315.0,293.53,3416150],[42,0,14185.0,3601.0,248.6,0.0,226.0,0.0,10.82,120572],[42,1,47361.0,2933.0,439.8,0.0,218.0,0.0,35.09,402568],[42,2,46548.0,3049.0,198.8,0.0,200.0,0.0,33.86,395658],[42,3,53064.0,2646.0,168.0,0.0,135.0,0.0,38.44,451044],[42,4,51288.0,2053.0,75.3,0.0,130.0,0.0,36.92,435948],[42,5,53064.0,2646.0,168.0,0.0,135.0,0.0,38.44,451044],[42,6,32994.0,2779.0,236.0,0.0,142.0,0.0,24.26,280449],[42,7,31260.0,2297.0,31.0,0.0,122.0,0.0,22.47,265710],[42,8,9839.0,2202.0,109.6,0.0,115.0,0.0,7.34,83632],[42,9,10199.0,2349.0,176.0,0.0,103.0,0.5,7.77,86692],[42,10,10156.0,2961.0,80.0,0.0,102.0,5.0,7.49,86326]],"flags":[[175,3]]};
const $=s=>document.querySelector(s),sum=a=>a.reduce((x,y)=>x+y,0),MN=['Jan','Feb','Mar','Apr','May','Jun','Jul','Aug','Sep','Oct','Nov','Dec'];
const f=(n,d=0)=>Number(n||0).toLocaleString('en-IN',{maximumFractionDigits:d,minimumFractionDigits:d}),sf=v=>v>=1e6?f(v/1e6,1)+'M':v>=1e3?f(v/1e3,0)+'k':f(v,0);
const css=v=>getComputedStyle(document.documentElement).getPropertyValue(v).trim();
const ML=D.months.map(m=>MN[+m.slice(5)-1]+' '+m.slice(0,4)),K=['grid','solar','dg','lpg','water','waste','carbon','cost'];
const LB={grid:['Energy Management','kVAh','⚡','#2D7DD2'],solar:['Solar generation','kVAh','☀️','#E8A030'],dg:['DG Management (diesel)','Ltrs','🛢️','#D14A38'],lpg:['LPG / PNG','kg','🔥','#7B5EA7'],water:['Water Management','kL','💧','#2D7DD2'],waste:['Waste Management','kg','♻️','#2EA85A'],carbon:['Carbon & ESG*','tCO₂e','🌱','#0D8A89'],cost:['Energy Cost*','₹','💰','#E8A030']};
const CO={blue:'#2D7DD2',amber:'#E8A030',green:'#2EA85A',teal:'#0D8A89',red:'#D14A38',purple:'#7B5EA7'};
let ex=true,RW,BM,cur=D.months.length-1,page='dash',user=null,cmp={a:0,b:1,k:'grid'},mf={k:'grid',p:-1};const P={},FL=new Map();D.flags.forEach(([i,k])=>FL.set(i+'_'+k,1));
const kx=k=>K.indexOf(k)+2,get=(mi,k)=>BM[mi][kx(k)],ser=(k,p)=>D.months.map((_,mi)=>RW.reduce((s,r)=>r[1]===mi&&(p<0||r[0]===p)?s+r[kx(k)]:s,0));
const pm=(mi,k)=>RW.filter(r=>r[1]===mi).map(r=>({p:r[0],c:D.plants[r[0]].c,v:r[kx(k)],g:r[2],s:r[3],cb:r[8]}));
function prep(){RW=D.rows.map((r,i)=>r.map((v,k)=>ex&&FL.has(i+'_'+k)?0:v));BM=D.months.map((_,mi)=>{const a=Array(10).fill(0);RW.forEach(r=>{if(r[1]===mi)for(let k=2;k<10;k++)a[k]+=r[k]});return a})}
const V=h=>{$('#view').innerHTML=h};
const hd=(t,s,x='')=>`<div class="top"><div><h1>${t}</h1><div class="sub">${s}</div></div><div class="ctl">${x}</div></div>`;
const msel=()=>`<select onchange="cur=+this.value;go()">${D.months.map((m,i)=>`<option value="${i}"${i===cur?' selected':''}>${ML[i]}</option>`).join('')}</select>`;
const card=(h,s,id)=>`<div class="c"><h2>${h}</h2><p>${s}</p><div class="cv" id="${id}"></div></div>`;
const kp=(l,v,d,g,ic,u='%')=>`<div class="k"><small>${ic||''} ${l}</small><b>${v}</b>${d==null?'':`<i class="${Math.abs(d)<.5?'fl':d*g>=0?'up':'dn'}">${d>.5?'▲':d<-.5?'▼':'–'} ${f(Math.abs(d),1)}${u} vs ${ML[Math.max(cur-1,0)]}</i>`}</div>`;
const warn=()=>FL.size?`<div class="warn">⚠️ Data check: ${[...FL.keys()].map(x=>{const[i,k]=x.split('_'),r=D.rows[i];return`${D.plants[r[0]].c} ${ML[r[1]]} ${K[k-2]} = ${f(r[k])}`}).join('; ')} looks like a data-entry error (far above that plant's normal range).<label><input type="checkbox" ${ex?'checked':''} onchange="ex=this.checked;prep();go()"> Exclude from totals</label></div>`:'';
// ---- mini SVG charts (no external libraries) ----
function nice(v){if(v<=0)return 1;const e=10**Math.floor(Math.log10(v)),m=v/e;return(m<=1?1:m<=2?2:m<=5?5:10)*e}
function xy(id,labels,sets,o={}){const el=$('#'+id);if(!el)return;const W=Math.max(el.clientWidth,300),H=260,m={l:46,r:10,t:10,b:o.rot?60:26},w=W-m.l-m.r,h=H-m.t-m.b,n=labels.length,st=o.stack;let mx=0;
for(let i=0;i<n;i++){let s=0;sets.forEach(x=>{const v=x.d[i]||0;if(st)s+=v;else mx=Math.max(mx,v)});if(st)mx=Math.max(mx,s)}
mx=nice(mx*1.05);const Y=v=>m.t+h-v/mx*h,band=w/n,bars=sets.filter(x=>x.t==='bar');let s=`<svg width="${W}" height="${H}" font-size="10" fill="${css('--t2')}">`;
for(let k=0;k<=4;k++){const v=mx*k/4,y=Y(v);s+=`<line x1="${m.l}" x2="${W-m.r}" y1="${y}" y2="${y}" stroke="${css('--grid')}"/><text x="${m.l-5}" y="${y+3}" text-anchor="end">${sf(v)}</text>`}
labels.forEach((lb,i)=>{const x=m.l+band*(i+.5),y=m.t+h+14;s+=o.rot?`<text x="${x}" y="${y}" transform="rotate(-40 ${x} ${y})" text-anchor="end">${lb}</text>`:`<text x="${x}" y="${y}" text-anchor="middle">${lb}</text>`});
const bw=Math.min(band*.7/(st?1:bars.length||1),38),acc=Array(n).fill(0);
sets.forEach(x=>{if(x.t==='bar'){const bi=bars.indexOf(x);x.d.forEach((v,i)=>{v=v||0;const cx=m.l+band*(i+.5),bx=st?cx-bw/2:cx-bw*bars.length/2+bw*bi,y0=st?acc[i]:0,yy=Y(y0+v),hh=Math.max(Y(y0)-yy,0);if(st)acc[i]+=v;s+=`<rect x="${bx}" y="${yy}" width="${Math.max(bw-(st?0:2),1)}" height="${hh}" rx="3" fill="${x.c}"><title>${x.n} · ${labels[i]}: ${f(v,1)}</title></rect>`})}
else{const pts=x.d.map((v,i)=>[m.l+band*(i+.5),Y(v||0)]),p=pts.map(q=>q.join(',')).join(' ');s+=`<polygon points="${m.l+band*.5},${m.t+h} ${p} ${m.l+band*(n-.5)},${m.t+h}" fill="${x.c}" opacity=".12"/><polyline pathLength="1" points="${p}" fill="none" stroke="${x.c}" stroke-width="2.5" stroke-linejoin="round"/>`+pts.map((q,i)=>`<circle cx="${q[0]}" cy="${q[1]}" r="3.5" fill="${x.c}"><title>${x.n} · ${labels[i]}: ${f(x.d[i],1)}</title></circle>`).join('')}});
el.innerHTML=s+'</svg>'+(sets.length>1?`<div class="lg">${sets.map(x=>`<span><i style="background:${x.c}"></i>${x.n}</span>`).join('')}</div>`:'')}
function dn(id,items){const el=$('#'+id),tot=sum(items.map(x=>x.v))||1,R=80,r=50,C=100;let a0=-Math.PI/2,s='<svg width="100%" height="200" viewBox="0 0 200 200">';const Pt=(a,q)=>[C+q*Math.cos(a),C+q*Math.sin(a)];
items.forEach(it=>{const a1=a0+it.v/tot*2*Math.PI-1e-4,lg=a1-a0>Math.PI?1:0,[x0,y0]=Pt(a0,R),[x1,y1]=Pt(a1,R),[x2,y2]=Pt(a1,r),[x3,y3]=Pt(a0,r);s+=`<path d="M${x0} ${y0}A${R} ${R} 0 ${lg} 1 ${x1} ${y1}L${x2} ${y2}A${r} ${r} 0 ${lg} 0 ${x3} ${y3}Z" fill="${it.c}"><title>${it.n}: ${f(it.v)} (${f(it.v/tot*100,1)}%)</title></path>`;a0=a1});
el.innerHTML=s+`<text x="100" y="105" text-anchor="middle" font-size="14" font-weight="700" fill="${css('--t')}">${f(tot)}</text></svg><div class="lg">${items.map(x=>`<span><i style="background:${x.c}"></i>${x.n} (${f(x.v)})</span>`).join('')}</div>`}
// ---- downloads ----
async function dl(name,head,rows){const t=[head,...rows].map(r=>r.join(',')).join('\n');let d=null;try{d=window.claude?await claude.use('downloads'):null}catch(e){}
if(d){try{await d.save({filename:name,data:t});return}catch(e){if(e&&e.code==='declined')return}}$('#csvt').value=t;$('#csvb').style.display='grid'}
const csvAll=()=>dl('sandhar_all_metrics.csv',['Plant','Month',...K],RW.map(r=>[D.plants[r[0]].c,D.months[r[1]],...r.slice(2)]));
const csvMet=()=>{const k=mf.k;dl(`sandhar_${k}.csv`,['Plant','Month',k],RW.filter(r=>mf.p<0||r[0]===mf.p).map(r=>[D.plants[r[0]].c,D.months[r[1]],r[kx(k)]]))};
// ---- pages ----
P.dash=()=>{const i=cur,p=Math.max(i-1,0),dl=k=>{const a=get(i,k),b=get(p,k);return b?(a-b)/b*100:0},sh=m=>{const g=get(m,'grid'),s=get(m,'solar');return g+s?s/(g+s)*100:0},pl=pm(i,'grid').sort((a,b)=>b.v-a.v);
const tg=sum(ser('grid',-1)),ts=sum(ser('solar',-1));
V(hd('Executive Dashboard',`Reporting month: ${ML[i]} · ${pl.length} plants reporting · FY 2025-26`,msel())+warn()
+`<div class="kr">${kp('Grid consumption',f(get(i,'grid'))+' kVAh',dl('grid'),-1,'⚡')}${kp('Solar share',f(sh(i),1)+'%',sh(i)-sh(p),1,'☀️','pp')}${kp('Carbon*',f(get(i,'carbon'),1)+' tCO₂e',dl('carbon'),-1,'🌱')}${kp('Energy cost*','₹'+f(get(i,'cost')/1e5,1)+' L',dl('cost'),-1,'💰')}${kp('Water',f(get(i,'water'))+' kL',dl('water'),-1,'💧')}${kp('Waste',f(get(i,'waste'))+' kg',dl('waste'),-1,'♻️')}${kp('Diesel (DG)',f(get(i,'dg'))+' Ltrs',dl('dg'),-1,'🛢️')}${kp('LPG / PNG',f(get(i,'lpg'))+' kg',dl('lpg'),-1,'🔥')}</div>`
+`<p class="note">* Carbon and cost are estimates: CEA grid factor 0.716 kg CO₂e/kVAh, diesel 2.68 kg CO₂e/L, tariff ₹8.5/kVAh. Use Sandhar's official factors for audit-grade numbers.</p>`
+`<div class="g2">${card('Energy mix trend','Grid vs solar, all plants (kVAh)','c1')}${card('Top plants — grid usage',ML[i]+' (kVAh)','c2')}</div>`
+`<div class="c"><h2>Plant status grid</h2><p>${ML[i]} · solar share: green ≥25% · amber ≥10% · red &lt;10% · grey = no solar</p><div class="pg">${pl.map(x=>{const s=x.g+x.s?x.s/(x.g+x.s)*100:0;return`<div class="pn ${!x.s?'n':s>=25?'g':s>=10?'w':''}"><b>${x.c}</b><span>Solar share<em>${f(s,1)}%</em></span><span>Grid<em>${sf(x.g)}</em></span><span>Carbon<em>${f(x.cb,1)} t</em></span></div>`}).join('')}</div></div>`
+`<div class="c"><div class="top" style="margin:0"><div><h2>Full-year summary · ${ML[0]} – ${ML[ML.length-1]}</h2><p>All plants combined · solar share overall ${f(ts/(tg+ts)*100,1)}%</p></div><button class="btn" onclick="csvAll()">⬇ Download all data (CSV)</button></div><div class="tw"><table><thead><tr><th>Month</th><th>Grid kVAh</th><th>Solar kVAh</th><th>Solar %</th><th>DG Ltrs</th><th>LPG kg</th><th>Water kL</th><th>Waste kg</th><th>Carbon t</th></tr></thead><tbody>${BM.map((a,j)=>`<tr><td>${ML[j]}</td><td>${f(a[2])}</td><td>${f(a[3])}</td><td>${f(a[2]+a[3]?a[3]/(a[2]+a[3])*100:0,1)}%</td><td>${f(a[4])}</td><td>${f(a[5])}</td><td>${f(a[6])}</td><td>${f(a[7])}</td><td>${f(a[8],1)}</td></tr>`).join('')}</tbody></table></div></div>`);
xy('c1',ML,[{n:'Grid',d:ser('grid',-1),c:CO.blue,t:'line'},{n:'Solar',d:ser('solar',-1),c:CO.amber,t:'line'}]);const tp=pl.slice(0,12);
xy('c2',tp.map(x=>x.c),[{n:'Grid',d:tp.map(x=>x.v),c:CO.blue,t:'bar'},{n:'Solar',d:tp.map(x=>x.s),c:CO.amber,t:'bar'}],{rot:1})};
P.cmp=()=>{const o=s=>D.plants.map((q,i)=>`<option value="${i}"${i===s?' selected':''}>${q.c}</option>`).join(''),k=cmp.k;
const st=p=>{const s=ser(k,p),t=sum(s),n=s.filter(v=>v>0).length,mx=Math.max(...s);return`<div class="c"><h2>${D.plants[p].c}</h2><p>${LB[k][0]} · ${LB[k][1]}</p><div class="kr" style="grid-template-columns:1fr 1fr"><div class="k"><small>Total</small><b>${f(t)}</b></div><div class="k"><small>Monthly avg</small><b>${f(n?t/n:0)}</b></div><div class="k"><small>Peak</small><b>${f(mx)}</b></div><div class="k"><small>Peak month</small><b style="font-size:15px">${mx>0?ML[s.indexOf(mx)]:'–'}</b></div></div></div>`};
V(hd('Compare Plants','Pick any two plants and a metric — monthly trend side by side',`<select onchange="cmp.a=+this.value;go()">${o(cmp.a)}</select>vs<select onchange="cmp.b=+this.value;go()">${o(cmp.b)}</select><select onchange="cmp.k=this.value;go()">${K.map(x=>`<option value="${x}"${x===k?' selected':''}>${LB[x][0].replace('*','')}</option>`).join('')}</select>`)+card(`${D.plants[cmp.a].c} vs ${D.plants[cmp.b].c}`,`Monthly ${LB[k][1]}`,'c1')+`<div class="g2e">${st(cmp.a)}${st(cmp.b)}</div>`);
xy('c1',ML,[{n:D.plants[cmp.a].c,d:ser(k,cmp.a),c:CO.blue,t:'line'},{n:D.plants[cmp.b].c,d:ser(k,cmp.b),c:CO.amber,t:'line'}])};
P.solar=()=>{const sp=D.plants.map((q,i)=>{const g=ser('solar',i),n=g.filter(v=>v>0).length,t=sum(g);return{...q,i,t,n,cuf:q.cap&&n?t/(q.cap*730*n)*100:0}}).filter(q=>q.cap>0||q.t>0),cp=sp.filter(q=>q.cap>0).sort((a,b)=>b.cap-a.cap),cx=sum(cp.map(q=>q.cx)),ox=sum(cp.map(q=>q.ox)),cf=cp.filter(q=>q.cuf>0).sort((a,b)=>b.cuf-a.cuf),av=cf.length?sum(cf.map(q=>q.cuf))/cf.length:0;
V(hd('Solar & Wind','Installed capacity, CAPEX vs OPEX, generation and utilisation')+warn()+`<div class="kr">${kp('Plants with solar',cp.length,null,0,'🏭')}${kp('Installed capacity',f(cx+ox)+' kWp',null,0,'⚡')}${kp('CAPEX (owned)',f(cx)+' kWp',null,0,'🏗️')}${kp('OPEX (leased)',f(ox)+' kWp',null,0,'🤝')}${kp('Avg CUF',f(av,1)+'%',null,0,'📈')}${kp('Generation to date',f(sum(sp.map(q=>q.t))/1e3,0)+' MWh',null,0,'☀️')}</div>`
+`<div class="g2">${card('Installed capacity by plant','kWp · CAPEX (owned) vs OPEX (leased)','c1')}${card('CAPEX vs OPEX split','Total installed kWp','c2')}</div><div class="g2">${card('Capacity utilisation (CUF) by plant','Generation ÷ (capacity × 730 h × months reported)','c3')}${card('Monthly solar generation','All plants, kVAh','c4')}</div>`
+`<div class="c"><h2>Solar plant details</h2><p>Capacity from the CAPEX/OPEX sheet; generation from BRSR</p><div class="tw"><table><thead><tr><th>Plant</th><th>Capacity kWp</th><th>CAPEX</th><th>OPEX</th><th>Type</th><th>Generated kVAh</th><th>Months</th><th>CUF</th></tr></thead><tbody>${cp.map(q=>`<tr><td>${q.c}</td><td>${f(q.cap)}</td><td>${f(q.cx)}</td><td>${f(q.ox)}</td><td><span class="bdg ${q.cx&&!q.ox?'':'o'}">${q.cx&&q.ox?'Mixed':q.cx?'CAPEX':'OPEX'}</span></td><td>${f(q.t)}</td><td>${q.n}</td><td>${q.cuf?f(q.cuf,1)+'%':'–'}</td></tr>`).join('')}</tbody></table></div></div>`
+`<div class="c wind"><h2>🌬️ Wind</h2><p style="margin:6px 0 0">No wind generation or capacity is reported in the BRSR file. This section will fill in automatically once wind data is provided.</p></div>`);
xy('c1',cp.map(q=>q.c),[{n:'CAPEX',d:cp.map(q=>q.cx),c:CO.blue,t:'bar'},{n:'OPEX',d:cp.map(q=>q.ox),c:CO.green,t:'bar'}],{stack:1,rot:1});dn('c2',[{n:'CAPEX',v:cx,c:CO.blue},{n:'OPEX',v:ox,c:CO.green}]);
xy('c3',cf.map(q=>q.c),[{n:'CUF %',d:cf.map(q=>+q.cuf.toFixed(1)),c:CO.amber,t:'bar'}],{rot:1});xy('c4',ML,[{n:'Solar',d:ser('solar',-1),c:CO.amber,t:'line'}])};
P.met=()=>{const k=mf.k,L=LB[k],p=mf.p,s=ser(k,p),t=sum(s),n=s.filter(v=>v>0).length,mx=Math.max(...s),pl=pm(cur,k).filter(x=>x.v>0).sort((a,b)=>b.v-a.v).slice(0,15),u=L[1];
V(hd(L[0],`${L[2]} Monthly tracking · ${p<0?'all plants':D.plants[p].c}`,`${msel()}<select onchange="mf.p=+this.value;go()"><option value="-1">All plants</option>${D.plants.map((q,i)=>`<option value="${i}"${i===p?' selected':''}>${q.c}</option>`).join('')}</select><button class="btn pri" onclick="csvMet()">⬇ CSV</button>`)+warn()
+`<div class="kr">${kp('Total to date',f(t)+' '+u,null,0,L[2])}${kp('Monthly average',f(n?t/n:0)+' '+u,null,0,'📅')}${kp('Peak month',mx>0?ML[s.indexOf(mx)]:'–',null,0,'📈')}${kp(ML[cur],f(s[cur])+' '+u,null,0,'🗓️')}</div>`
+`<div class="g2">${card('Monthly trend',u+(p<0?' · all plants':' · '+D.plants[p].c),'c1')}${card('Top plants — '+ML[cur],u,'c2')}</div>`
+`<div class="c"><h2>Monthly table</h2><div class="tw"><table><thead><tr><th>Month</th><th>${L[0].replace('*','')} (${u})</th></tr></thead><tbody>${s.map((v,j)=>`<tr><td>${ML[j]}</td><td>${f(v,1)}</td></tr>`).join('')}</tbody></table></div></div>`);
xy('c1',ML,[{n:L[0],d:s,c:L[3],t:'bar'}]);xy('c2',pl.map(x=>x.c),[{n:L[0],d:pl.map(x=>x.v),c:L[3],t:'bar'}],{rot:1})};
P.data=()=>V(hd('Data & Downloads','What is loaded in this dashboard')+`<div class="kr">${kp('Plants',D.plants.length,null,0,'🏭')}${kp('Months',D.months.length,null,0,'📅')}${kp('Records',D.rows.length,null,0,'🗂️')}${kp('Source','BRSR FY 25-26',null,0,'📘')}</div><div class="c"><h2>Download</h2><p>Every plant, every month, all metrics</p><button class="btn pri" onclick="csvAll()">⬇ Download full dataset (CSV)</button></div><div class="c"><h2>Coverage by month</h2><div class="tw"><table><thead><tr><th>Month</th><th>Plants reporting</th><th>Grid kVAh</th><th>Solar kVAh</th><th>Carbon t*</th></tr></thead><tbody>${D.months.map((m,j)=>`<tr><td>${ML[j]}</td><td>${RW.filter(r=>r[1]===j).length}</td><td>${f(BM[j][2])}</td><td>${f(BM[j][3])}</td><td>${f(BM[j][8],1)}</td></tr>`).join('')}</tbody></table></div></div><p class="note">Snapshot built from the consolidated BRSR workbook (Apr 2025 – Feb 2026). Carbon and cost are estimated, not reported.</p>`);
function go(){document.querySelectorAll('.nb[data-p]').forEach(b=>b.classList.toggle('on',b.dataset.p===(page==='met'?'met:'+mf.k:page)));P[page]()}
document.querySelectorAll('.nb[data-p]').forEach(b=>b.onclick=()=>{const q=b.dataset.p;if(q.startsWith('met:')){page='met';mf.k=q.slice(4);mf.p=-1}else page=q;go()});
function th(){const r=document.documentElement,d=(r.dataset.theme||(matchMedia('(prefers-color-scheme:dark)').matches?'dark':'light'))==='dark';r.dataset.theme=d?'light':'dark';go()}
let rz;addEventListener('resize',()=>{clearTimeout(rz);rz=setTimeout(()=>user&&go(),200)});
// ---- login ----
const US=[['admin','admin123','Admin','Sandhar Admin'],['plant','plant123','Plant Manager','Plant Manager'],['viewer','view123','Viewer','Report Viewer']];
function login(){const r=US.find(x=>x[0]===$('#u').value.trim()&&x[1]===$('#p').value);if(!r){$('#le').style.display='block';return}user=r;$('#lg').style.display='none';$('#app').style.display='flex';$('#who').innerHTML=`<b>${r[3]}</b>${r[2]}`;prep();const rk=pm(cur,'grid').sort((a,b)=>b.v-a.v);cmp.a=rk[0].p;cmp.b=rk[1].p;go()}
// ---- assistant ----
function tc(){$('#cb').classList.toggle('o')}
function ask(t){const i=$('#qi'),q=(t||i.value).trim();if(!q)return;i.value='';ad(q,'u');ad(ans(q),'b')}
function ad(x,c){const d=document.createElement('div');d.className='m '+c;d.textContent=x;$('#ms').appendChild(d);$('#ms').scrollTop=9e6}
function ans(q){const ql=q.toLowerCase(),tk=ql.split(/[^a-z0-9()]+/),pi=D.plants.findIndex(x=>tk.includes(x.c.toLowerCase())),FU=['january','february','march','april','may','june','july','august','september','october','november','december'];
let mi=cur;const mk=tk.map(t=>t.length>=3?FU.findIndex((n,k)=>t===n||t===n.slice(0,3)||(k===8&&t==='sept')):-1).find(x=>x>=0);
if(mk!==undefined){const c=D.months.map((m,i)=>[+m.slice(5)-1,i]).filter(x=>x[0]===mk);if(c.length)mi=c[c.length-1][1]}
const km=[['solar','solar|renewable'],['dg','diesel|dg|generator'],['lpg','lpg|png|gas'],['water','water'],['waste','waste|sludge'],['carbon','carbon|emission|emissions|co2'],['cost','cost|bill|tariff|spend'],['grid','grid|electricity|energy|consumption|kvah']],k=(km.find(x=>new RegExp('\\b('+x[1]+')\\b').test(ql))||[])[0],who=pi<0?'all plants':D.plants[pi].c,u=k?LB[k][1]:'';
if(/capex|opex|capacity|kwp|owned|leased/.test(ql)){const c=pi<0?D.plants.filter(x=>x.cap>0):[D.plants[pi]];return c.length&&c[0].cap?`Solar capacity (${who}): ${f(sum(c.map(x=>x.cap)))} kWp — CAPEX (owned) ${f(sum(c.map(x=>x.cx)))} kWp, OPEX (leased) ${f(sum(c.map(x=>x.ox)))} kWp${pi<0?` across ${c.length} plants`:''}.`:`${who} has no solar capacity listed.`}
if(/compare|versus|\bvs\b/.test(ql))return'Open “Compare Plants” in the sidebar — pick two plants and any metric to see them side by side.';
if(/how many/.test(ql))return`${D.plants.length} plants and ${D.months.length} months (${ML[0]} – ${ML[ML.length-1]}) are loaded.`;
if(/share|percent|%/.test(ql)&&(k==='solar'||!k)){const g=pi<0?get(mi,'grid'):ser('grid',pi)[mi],s=pi<0?get(mi,'solar'):ser('solar',pi)[mi];return g+s?`Solar share (${who}, ${ML[mi]}): ${f(s/(g+s)*100,1)}% — solar ${f(s)} kVAh vs grid ${f(g)} kVAh.`:'No data for that selection.'}
if(k&&/top|highest|most|largest|biggest|which plant/.test(ql)){const l=pm(mi,k).sort((a,b)=>b.v-a.v).slice(0,3);return`Top plants for ${LB[k][0].replace('*','')} in ${ML[mi]}: `+l.map((x,j)=>`${j+1}. ${x.c} (${f(x.v)} ${u})`).join(', ')+'.'}
if(k){const s=ser(k,pi),t=sum(s),a=s[mi],b=s[Math.max(mi-1,0)];return`${LB[k][0].replace('*','')} — ${who}, ${ML[mi]}: ${f(a,1)} ${u}${b?` (${a>=b?'+':''}${f((a-b)/b*100,1)}% vs previous month)`:''}. Total ${ML[0]}–${ML[ML.length-1]}: ${f(t)} ${u}.${k==='carbon'||k==='cost'?' (estimated)':''}`}
if(/^(hi|hello|hey)\b/.test(ql))return'Hello! Ask me about grid, solar, carbon, water, waste, DG, LPG, costs or any plant code.';
return'Try: “solar share in Oct”, “top plant for diesel”, “SAB carbon”, “water in January” or “solar CAPEX vs OPEX”.'}
prep();
</script></body></html>
